(setq *cook-short-rec-list* '(#s(coordinates plist nil rot #2f((-0.304659 -0.072595 -0.949691) (0.312291 0.934359 -0.171606) (0.89981 -0.348861 -0.26199)) pos #f(1860.23 9848.31 31102.6)) #s(coordinates plist nil rot #2f((-0.358091 -0.047197 -0.932493) (0.308611 0.936606 -0.165916) (0.881209 -0.347191 -0.320825)) pos #f(1839.73 9850.65 31099.9)) #s(coordinates plist nil rot #2f((-0.370214 -0.02919 -0.928488) (0.311149 0.937875 -0.153549) (0.875287 -0.345744 -0.338132)) pos #f(1831.73 9852.99 31102.0)) #s(coordinates plist nil rot #2f((-0.382556 -0.018501 -0.923747) (0.311786 0.938568 -0.147919) (0.869736 -0.344599 -0.353287)) pos #f(1827.84 9853.91 31102.8)) #s(coordinates plist nil rot #2f((-0.400208 -0.006492 -0.916401) (0.312836 0.938939 -0.143272) (0.861375 -0.344022 -0.37374)) pos #f(1821.97 9854.1 31102.4)) #s(coordinates plist nil rot #2f((-0.420584 0.004326 -0.907243) (0.314188 0.938805 -0.141176) (0.851114 -0.344421 -0.396206)) pos #f(1814.55 9854.39 31101.2)) #s(coordinates plist nil rot #2f((-0.441583 0.012457 -0.897134) (0.317171 0.93751 -0.143099) (0.839289 -0.347735 -0.41794)) pos #f(1805.3 9856.05 31098.7)) #s(coordinates plist nil rot #2f((-0.460835 0.013753 -0.887379) (0.31627 0.936779 -0.149728) (0.829219 -0.349651 -0.43605)) pos #f(1793.81 9857.88 31096.8)) #s(coordinates plist nil rot #2f((-0.479302 0.013286 -0.877549) (0.310122 0.937946 -0.155183) (0.821032 -0.346527 -0.45368)) pos #f(1781.08 9858.6 31096.9)) #s(coordinates plist nil rot #2f((-0.496697 0.012227 -0.867838) (0.30346 0.939238 -0.160449) (0.813145 -0.343048 -0.470227)) pos #f(1767.47 9859.52 31097.3)) #s(coordinates plist nil rot #2f((-0.514547 0.008377 -0.857421) (0.295772 0.940314 -0.168309) (0.804835 -0.340205 -0.486314)) pos #f(1751.99 9860.54 31097.4)) #s(coordinates plist nil rot #2f((-0.532259 0.002538 -0.846578) (0.287499 0.941108 -0.177934) (0.796269 -0.338097 -0.501643)) pos #f(1735.06 9861.67 31097.3)) #s(coordinates plist nil rot #2f((-0.548019 -0.006081 -0.836444) (0.277958 0.941825 -0.188958) (0.788933 -0.336049 -0.514448)) pos #f(1716.99 9862.75 31097.7)) #s(coordinates plist nil rot #2f((-0.559931 -0.003761 -0.828531) (0.274913 0.942495 -0.190068) (0.781601 -0.334199 -0.526698)) pos #f(1697.92 9865.14 31098.6)) #s(coordinates plist nil rot #2f((-0.573676 0.005919 -0.819061) (0.272848 0.944243 -0.18428) (0.772302 -0.329196 -0.543305)) pos #f(1677.15 9867.72 31100.4)) #s(coordinates plist nil rot #2f((-0.587867 0.018734 -0.808741) (0.271447 0.946337 -0.175391) (0.762056 -0.322637 -0.561405)) pos #f(1654.91 9870.45 31103.2)) #s(coordinates plist nil rot #2f((-0.601717 0.035596 -0.797916) (0.275535 0.94693 -0.16554) (0.749678 -0.319462 -0.579592)) pos #f(1630.4 9874.98 31105.3)) #s(coordinates plist nil rot #2f((-0.613484 0.063859 -0.787121) (0.289065 0.94571 -0.148573) (0.7349 -0.318676 -0.598637)) pos #f(1604.43 9881.88 31106.4)) #s(coordinates plist nil rot #2f((-0.62337 0.10322 -0.775085) (0.311746 0.941868 -0.125295) (0.717095 -0.319735 -0.61931)) pos #f(1577.37 9891.57 31106.2)) #s(coordinates plist nil rot #2f((-0.631806 0.151859 -0.760105) (0.339477 0.935782 -0.095219) (0.696833 -0.318198 -0.642786)) pos #f(1548.99 9902.56 31106.2)) #s(coordinates plist nil rot #2f((-0.63316 0.202608 -0.747033) (0.371467 0.926264 -0.063625) (0.679058 -0.317783 -0.661735)) pos #f(1522.13 9914.16 31108.0)) #s(coordinates plist nil rot #2f((-0.626233 0.252926 -0.737469) (0.408747 0.912003 -0.034308) (0.663897 -0.322923 -0.674509)) pos #f(1500.61 9926.56 31110.9)) #s(coordinates plist nil rot #2f((-0.614108 0.316686 -0.722898) (0.456535 0.889703 0.001929) (0.643775 -0.328843 -0.690952)) pos #f(1485.85 9942.73 31111.0)) #s(coordinates plist nil rot #2f((-0.596367 0.387006 -0.703259) (0.517288 0.855214 0.031964) (0.613807 -0.344725 -0.710215)) pos #f(1476.24 9963.84 31107.8)) #s(coordinates plist nil rot #2f((-0.573152 0.442981 -0.689394) (0.576917 0.815593 0.044432) (0.581948 -0.372257 -0.723023)) pos #f(1470.32 9985.57 31106.3)) #s(coordinates plist nil rot #2f((-0.551909 0.485631 -0.677907) (0.624758 0.779243 0.049587) (0.552335 -0.39616 -0.733473)) pos #f(1464.15 10004.4 31106.6)) #s(coordinates plist nil rot #2f((-0.523558 0.544557 -0.655244) (0.680576 0.729975 0.062865) (0.512546 -0.41303 -0.752797)) pos #f(1455.12 10027.6 31106.8)) #s(coordinates plist nil rot #2f((-0.500892 0.592132 -0.631258) (0.720795 0.689135 0.074483) (0.479126 -0.4177 -0.771988)) pos #f(1445.7 10046.3 31107.9)) #s(coordinates plist nil rot #2f((-0.480449 0.625692 -0.614556) (0.752159 0.654329 0.078161) (0.451027 -0.424692 -0.784992)) pos #f(1437.18 10061.9 31110.4)) #s(coordinates plist nil rot #2f((-0.474773 0.633819 -0.610626) (0.765918 0.639323 0.06809) (0.433544 -0.435362 -0.788986)) pos #f(1429.24 10073.6 31114.3)) #s(coordinates plist nil rot #2f((-0.468156 0.639241 -0.610082) (0.779444 0.623991 0.055697) (0.41629 -0.44945 -0.790378)) pos #f(1424.8 10084.5 31117.5)) #s(coordinates plist nil rot #2f((-0.459928 0.64667 -0.60851) (0.794126 0.606162 0.043954) (0.397279 -0.463018 -0.792328)) pos #f(1423.47 10095.4 31119.0)) #s(coordinates plist nil rot #2f((-0.450791 0.655806 -0.605562) (0.809309 0.586473 0.032669) (0.376571 -0.47536 -0.795127)) pos #f(1424.38 10106.2 31119.3)) #s(coordinates plist nil rot #2f((-0.441221 0.66529 -0.602256) (0.825346 0.564317 0.01872) (0.352318 -0.48881 -0.798083)) pos #f(1425.81 10116.8 31117.3)) #s(coordinates plist nil rot #2f((-0.438638 0.673745 -0.594697) (0.831107 0.55586 0.016736) (0.341845 -0.486916 -0.803775)) pos #f(1424.34 10121.2 31118.6)) #s(coordinates plist nil rot #2f((-0.442296 0.670302 -0.595877) (0.829795 0.557945 0.011707) (0.340314 -0.489278 -0.802991)) pos #f(1417.13 10121.0 31122.2)) #s(coordinates plist nil rot #2f((-0.438315 0.669597 -0.5996) (0.835787 0.549049 0.002174) (0.330665 -0.500185 -0.800297)) pos #f(1413.7 10124.6 31123.7)) #s(coordinates plist nil rot #2f((-0.432296 0.671174 -0.602201) (0.844143 0.53605 -0.00853) (0.317085 -0.512031 -0.798299)) pos #f(1412.92 10129.8 31124.1)) #s(coordinates plist nil rot #2f((-0.426868 0.67493 -0.601874) (0.852612 0.522195 -0.019121) (0.30139 -0.521327 -0.798362)) pos #f(1412.82 10135.1 31123.9)) #s(coordinates plist nil rot #2f((-0.420673 0.680021 -0.600505) (0.86087 0.50807 -0.027722) (0.286247 -0.528618 -0.799141)) pos #f(1414.4 10140.3 31123.7)) #s(coordinates plist nil rot #2f((-0.412394 0.688726 -0.596312) (0.870815 0.490294 -0.035956) (0.267604 -0.534105 -0.801947)) pos #f(1418.24 10146.3 31121.4)) #s(coordinates plist nil rot #2f((-0.416906 0.702334 -0.57699) (0.870209 0.491757 -0.030187) (0.262537 -0.514687 -0.816193)) pos #f(1418.68 10148.0 31119.6)) #s(coordinates plist nil rot #2f((-0.421025 0.705073 -0.570623) (0.868318 0.49517 -0.028833) (0.262226 -0.507621 -0.820706)) pos #f(1418.63 10148.6 31119.2)) #s(coordinates plist nil rot #2f((-0.42446 0.705576 -0.567447) (0.866156 0.499021 -0.027406) (0.263831 -0.503131 -0.822954)) pos #f(1418.32 10148.5 31118.9)) #s(coordinates plist nil rot #2f((-0.426545 0.706553 -0.564661) (0.865198 0.5007 -0.027052) (0.263612 -0.500083 -0.824879)) pos #f(1418.4 10148.9 31118.5)) #s(coordinates plist nil rot #2f((-0.427144 0.707092 -0.563532) (0.864899 0.501238 -0.026646) (0.263622 -0.498781 -0.825664)) pos #f(1418.61 10149.0 31118.2)) #s(coordinates plist nil rot #2f((-0.429288 0.708111 -0.560617) (0.863373 0.503968 -0.024563) (0.26514 -0.494566 -0.827711)) pos #f(1418.77 10149.0 31118.3)) #s(coordinates plist nil rot #2f((-0.429754 0.708166 -0.56019) (0.863038 0.504557 -0.024248) (0.265477 -0.493886 -0.828009)) pos #f(1418.62 10148.9 31118.4)) #s(coordinates plist nil rot #2f((-0.430236 0.70838 -0.559549) (0.862734 0.505092 -0.023916) (0.265683 -0.493031 -0.828452)) pos #f(1418.56 10148.9 31118.5)) #s(coordinates plist nil rot #2f((-0.430823 0.708529 -0.558908) (0.862345 0.505773 -0.023551) (0.265994 -0.492118 -0.828895)) pos #f(1418.47 10148.8 31118.5)) #s(coordinates plist nil rot #2f((-0.430924 0.708567 -0.558782) (0.862323 0.505808 -0.023618) (0.265901 -0.492028 -0.828978)) pos #f(1418.45 10148.8 31118.4)) #s(coordinates plist nil rot #2f((-0.430664 0.708998 -0.558436) (0.862528 0.505466 -0.023433) (0.265656 -0.491759 -0.829216)) pos #f(1418.43 10148.8 31118.4)) #s(coordinates plist nil rot #2f((-0.430759 0.709172 -0.558141) (0.862627 0.505283 -0.023744) (0.265181 -0.491695 -0.829406)) pos #f(1418.16 10148.8 31118.0)) #s(coordinates plist nil rot #2f((-0.431044 0.709251 -0.55782) (0.862698 0.505133 -0.024371) (0.264488 -0.491735 -0.829604)) pos #f(1417.73 10148.7 31117.5)) #s(coordinates plist nil rot #2f((-0.431829 0.70975 -0.556578) (0.863037 0.504455 -0.026316) (0.262091 -0.491711 -0.830378)) pos #f(1416.15 10148.3 31115.7)) #s(coordinates plist nil rot #2f((-0.432231 0.708719 -0.557578) (0.863179 0.5041 -0.028386) (0.260957 -0.493559 -0.829639)) pos #f(1415.15 10148.0 31114.5)) #s(coordinates plist nil rot #2f((-0.43134 0.707865 -0.55935) (0.862947 0.504577 -0.026908) (0.263188 -0.494296 -0.828495)) pos #f(1415.84 10147.9 31115.5)) #s(coordinates plist nil rot #2f((-0.429498 0.707403 -0.561348) (0.862483 0.505572 -0.022788) (0.267682 -0.493941 -0.827266)) pos #f(1417.75 10148.0 31117.8)) #s(coordinates plist nil rot #2f((-0.429214 0.707316 -0.561676) (0.862264 0.505994 -0.021718) (0.268843 -0.493635 -0.827072)) pos #f(1418.22 10148.0 31118.1)) #s(coordinates plist nil rot #2f((-0.428898 0.707012 -0.562298) (0.862432 0.505694 -0.021988) (0.268806 -0.494375 -0.826642)) pos #f(1418.34 10148.0 31117.9)) #s(coordinates plist nil rot #2f((-0.427248 0.707241 -0.563266) (0.862867 0.50502 -0.020394) (0.270038 -0.494737 -0.826024)) pos #f(1420.14 10148.2 31117.9)) #s(coordinates plist nil rot #2f((-0.424035 0.709946 -0.562291) (0.864164 0.502934 -0.01668) (0.270953 -0.492984 -0.826771)) pos #f(1422.58 10148.7 31118.0)) #s(coordinates plist nil rot #2f((-0.422509 0.712056 -0.56077) (0.865596 0.500465 -0.016697) (0.268757 -0.492455 -0.827803)) pos #f(1423.25 10149.0 31116.5)) #s(coordinates plist nil rot #2f((-0.421851 0.712409 -0.560816) (0.865866 0.500015 -0.01614) (0.268918 -0.492401 -0.827783)) pos #f(1423.94 10149.2 31116.7)) #s(coordinates plist nil rot #2f((-0.421528 0.7127 -0.560689) (0.866158 0.499505 -0.016252) (0.268484 -0.492496 -0.827867)) pos #f(1424.18 10149.4 31116.7)) #s(coordinates plist nil rot #2f((-0.42084 0.713446 -0.560258) (0.866657 0.498648 -0.016003) (0.267954 -0.492286 -0.828164)) pos #f(1424.86 10149.9 31117.1)) #s(coordinates plist nil rot #2f((-0.422997 0.714541 -0.55723) (0.865296 0.501057 -0.014342) (0.268956 -0.488235 -0.830234)) pos #f(1424.92 10149.9 31117.0)) #s(coordinates plist nil rot #2f((-0.423569 0.71447 -0.556886) (0.86544 0.500764 -0.01579) (0.267587 -0.48864 -0.830439)) pos #f(1424.24 10149.8 31116.2)) #s(coordinates plist nil rot #2f((-0.425589 0.713745 -0.556275) (0.865238 0.500996 -0.019149) (0.265024 -0.48946 -0.830777)) pos #f(1422.14 10149.3 31114.2)) #s(coordinates plist nil rot #2f((-0.428307 0.713057 -0.555069) (0.865829 0.499652 -0.026232) (0.258637 -0.49183 -0.83139)) pos #f(1419.09 10148.8 31109.6)) #s(coordinates plist nil rot #2f((-0.429397 0.712843 -0.554502) (0.867026 0.497221 -0.032205) (0.252753 -0.494597 -0.831559)) pos #f(1417.72 10148.7 31105.0)) #s(coordinates plist nil rot #2f((-0.429033 0.712553 -0.555156) (0.867767 0.495787 -0.034272) (0.250819 -0.49645 -0.83104)) pos #f(1417.86 10148.8 31103.1)) #s(coordinates plist nil rot #2f((-0.429048 0.712254 -0.555529) (0.868459 0.494389 -0.036866) (0.248389 -0.498271 -0.83068)) pos #f(1417.95 10148.7 31100.0)) #s(coordinates plist nil rot #2f((-0.426231 0.70888 -0.561976) (0.870832 0.489718 -0.04275) (0.244905 -0.507608 -0.826048)) pos #f(1419.31 10148.7 31094.0)) #s(coordinates plist nil rot #2f((-0.426122 0.707126 -0.564263) (0.870265 0.490776 -0.042177) (0.247102 -0.509031 -0.824517)) pos #f(1419.55 10148.1 31093.1)) #s(coordinates plist nil rot #2f((-0.428828 0.703746 -0.566435) (0.866293 0.498172 -0.036905) (0.25621 -0.506525 -0.823279)) pos #f(1417.36 10146.1 31097.2)) #s(coordinates plist nil rot #2f((-0.431973 0.696912 -0.572462) (0.860619 0.508331 -0.030573) (0.269693 -0.505878 -0.819361)) pos #f(1414.95 10143.0 31101.4)) #s(coordinates plist nil rot #2f((-0.437671 0.684421 -0.583105) (0.852919 0.521274 -0.028342) (0.284559 -0.509746 -0.811902)) pos #f(1413.15 10139.3 31103.2)) #s(coordinates plist nil rot #2f((-0.444021 0.675619 -0.588544) (0.84428 0.535438 -0.022301) (0.300062 -0.506798 -0.808157)) pos #f(1412.41 10135.2 31103.8)) #s(coordinates plist nil rot #2f((-0.451543 0.664127 -0.595856) (0.83289 0.553247 -0.014532) (0.320005 -0.502844 -0.80296)) pos #f(1413.05 10130.5 31105.2)) #s(coordinates plist nil rot #2f((-0.460802 0.649265 -0.605076) (0.817797 0.575482 -0.005293) (0.344774 -0.497268 -0.79615)) pos #f(1414.11 10124.9 31108.3)) #s(coordinates plist nil rot #2f((-0.473932 0.630903 -0.614288) (0.797434 0.60339 0.004479) (0.373481 -0.487732 -0.789069)) pos #f(1414.2 10117.8 31112.6)) #s(coordinates plist nil rot #2f((-0.483003 0.613998 -0.624271) (0.780083 0.625566 0.011715) (0.397715 -0.481325 -0.78112)) pos #f(1414.45 10110.5 31115.3)) #s(coordinates plist nil rot #2f((-0.494955 0.596459 -0.631867) (0.75766 0.652271 0.022228) (0.425406 -0.467738 -0.774758)) pos #f(1414.54 10101.7 31118.3)) #s(coordinates plist nil rot #2f((-0.511457 0.582157 -0.632064) (0.726732 0.685551 0.043361) (0.458555 -0.437164 -0.773702)) pos #f(1414.39 10090.4 31121.5)) #s(coordinates plist nil rot #2f((-0.531643 0.555982 -0.638936) (0.688197 0.7233 0.056761) (0.493701 -0.409538 -0.767163)) pos #f(1414.52 10076.9 31123.2)) #s(coordinates plist nil rot #2f((-0.557184 0.52395 -0.644222) (0.638454 0.766369 0.071098) (0.530964 -0.371692 -0.761526)) pos #f(1413.9 10060.9 31124.3)) #s(coordinates plist nil rot #2f((-0.576275 0.4954 -0.649989) (0.589041 0.803092 0.08985) (0.566513 -0.331092 -0.754613)) pos #f(1413.94 10043.9 31127.0)) #s(coordinates plist nil rot #2f((-0.589454 0.465102 -0.660472) (0.541786 0.834079 0.103825) (0.599175 -0.296635 -0.743637)) pos #f(1414.65 10026.4 31130.8)) #s(coordinates plist nil rot #2f((-0.599365 0.437983 -0.670025) (0.491952 0.861847 0.123302) (0.631462 -0.255718 -0.732027)) pos #f(1417.29 10007.9 31135.6)) #s(coordinates plist nil rot #2f((-0.601142 0.417356 -0.6815) (0.447947 0.882201 0.145139) (0.661794 -0.218027 -0.717282)) pos #f(1424.49 9990.07 31141.3)) #s(coordinates plist nil rot #2f((-0.600716 0.401447 -0.691361) (0.413068 0.896263 0.161515) (0.684481 -0.188554 -0.704225)) pos #f(1435.26 9975.81 31144.0)) #s(coordinates plist nil rot #2f((-0.602742 0.395339 -0.693115) (0.392239 0.903239 0.174094) (0.694874 -0.166933 -0.699488)) pos #f(1444.14 9967.24 31141.2)) #s(coordinates plist nil rot #2f((-0.602902 0.394881 -0.693238) (0.380709 0.906004 0.184977) (0.701121 -0.152399 -0.696566)) pos #f(1450.72 9960.93 31137.4)) #s(coordinates plist nil rot #2f((-0.600009 0.395409 -0.695443) (0.366444 0.908593 0.200442) (0.711131 -0.134574 -0.690059)) pos #f(1457.81 9952.79 31136.1)) #s(coordinates plist nil rot #2f((-0.596696 0.396219 -0.697828) (0.345079 0.911787 0.222633) (0.724482 -0.107961 -0.680787)) pos #f(1467.27 9943.23 31136.6)) #s(coordinates plist nil rot #2f((-0.591882 0.394196 -0.703054) (0.322851 0.915166 0.241325) (0.738541 -0.084145 -0.668937)) pos #f(1483.38 9933.87 31138.1)) #s(coordinates plist nil rot #2f((-0.592288 0.381882 -0.709479) (0.302685 0.921508 0.24332) (0.74671 -0.070633 -0.661389)) pos #f(1504.71 9926.3 31137.1)) #s(coordinates plist nil rot #2f((-0.59952 0.367319 -0.711092) (0.284898 0.928213 0.239278) (0.747936 -0.059136 -0.661131)) pos #f(1526.05 9921.09 31134.7)) #s(coordinates plist nil rot #2f((-0.615425 0.347155 -0.707626) (0.265288 0.936633 0.228781) (0.742209 -0.046927 -0.668524)) pos #f(1548.96 9916.88 31131.4)) #s(coordinates plist nil rot #2f((-0.633916 0.325067 -0.701771) (0.2443 0.945086 0.217096) (0.733804 -0.033822 -0.678519)) pos #f(1575.01 9912.91 31129.7)) #s(coordinates plist nil rot #2f((-0.651865 0.303834 -0.694807) (0.224644 0.952472 0.205749) (0.724298 -0.021964 -0.689138)) pos #f(1597.71 9908.34 31128.9)) #s(coordinates plist nil rot #2f((-0.673306 0.276277 -0.685806) (0.202875 0.960996 0.187959) (0.710986 -0.012579 -0.703094)) pos #f(1614.17 9902.24 31126.6)) #s(coordinates plist nil rot #2f((-0.692257 0.248616 -0.677473) (0.181721 0.968586 0.169761) (0.698396 -0.005593 -0.71569)) pos #f(1624.82 9896.13 31124.7)) #s(coordinates plist nil rot #2f((-0.711909 0.224101 -0.665556) (0.160941 0.974558 0.155996) (0.683582 0.00394 -0.729863)) pos #f(1635.3 9888.9 31123.1)) #s(coordinates plist nil rot #2f((-0.732852 0.195515 -0.651692) (0.134829 0.98056 0.142559) (0.666895 0.016607 -0.744966)) pos #f(1640.93 9879.95 31122.4)) #s(coordinates plist nil rot #2f((-0.758607 0.149513 -0.634162) (0.090143 0.988039 0.125114) (0.645283 0.037747 -0.763011)) pos #f(1645.96 9865.35 31124.2)) #s(coordinates plist nil rot #2f((-0.785265 0.102902 -0.61055) (0.042741 0.99275 0.112346) (0.617683 0.062126 -0.783969)) pos #f(1652.05 9848.3 31126.2)) #s(coordinates plist nil rot #2f((-0.811728 0.062036 -0.580732) (0.001274 0.994528 0.104459) (0.584034 0.084053 -0.807365)) pos #f(1659.1 9830.36 31125.9)) #s(coordinates plist nil rot #2f((-0.835944 0.028565 -0.54807) (-0.03358 0.994111 0.103031) (0.547786 0.104533 -0.830062)) pos #f(1667.85 9811.24 31123.9)) #s(coordinates plist nil rot #2f((-0.858081 -0.003053 -0.513506) (-0.066316 0.992268 0.104916) (0.509215 0.12408 -0.851648)) pos #f(1678.27 9790.42 31121.5)) #s(coordinates plist nil rot #2f((-0.880009 -0.045545 -0.472769) (-0.104076 0.989691 0.098383) (0.463415 0.135781 -0.875677)) pos #f(1687.18 9767.77 31116.9)) #s(coordinates plist nil rot #2f((-0.899283 -0.088729 -0.428272) (-0.140402 0.985945 0.090548) (0.414218 0.141559 -0.899102)) pos #f(1694.65 9744.81 31110.7)) #s(coordinates plist nil rot #2f((-0.914454 -0.128964 -0.383592) (-0.174453 0.980894 0.086105) (0.365158 0.145657 -0.91948)) pos #f(1700.33 9721.79 31104.6)) #s(coordinates plist nil rot #2f((-0.924901 -0.16168 -0.344119) (-0.201566 0.975933 0.083227) (0.322381 0.146339 -0.93523)) pos #f(1704.29 9701.36 31099.3)) #s(coordinates plist nil rot #2f((-0.931799 -0.195832 -0.305615) (-0.228742 0.970554 0.075506) (0.281829 0.140263 -0.949157)) pos #f(1705.67 9682.85 31092.5)) #s(coordinates plist nil rot #2f((-0.935192 -0.230232 -0.269088) (-0.257184 0.963888 0.069115) (0.243458 0.133841 -0.960632)) pos #f(1704.71 9665.59 31085.2)) #s(coordinates plist nil rot #2f((-0.934997 -0.268253 -0.231994) (-0.288372 0.95582 0.057006) (0.206452 0.120201 -0.971045)) pos #f(1701.8 9649.08 31077.4)) #s(coordinates plist nil rot #2f((-0.932352 -0.296281 -0.207214) (-0.312487 0.948624 0.049648) (0.181858 0.111041 -0.977035)) pos #f(1697.19 9637.1 31070.2)) #s(coordinates plist nil rot #2f((-0.926116 -0.323979 -0.193251) (-0.335917 0.94136 0.031653) (0.171664 0.094231 -0.980639)) pos #f(1687.83 9631.6 31062.3)) #s(coordinates plist nil rot #2f((-0.918773 -0.346885 -0.188489) (-0.356057 0.934326 0.016085) (0.170531 0.081891 -0.981944)) pos #f(1676.75 9629.82 31056.4)) #s(coordinates plist nil rot #2f((-0.91138 -0.365481 -0.189236) (-0.373579 0.927566 0.007741) (0.172699 0.07775 -0.981901)) pos #f(1667.51 9628.49 31054.1)) #s(coordinates plist nil rot #2f((-0.908657 -0.370336 -0.192855) (-0.378561 0.925555 0.006305) (0.176163 0.078736 -0.981207)) pos #f(1663.28 9628.44 31053.7)) #s(coordinates plist nil rot #2f((-0.911666 -0.36192 -0.194624) (-0.369304 0.929307 0.001784) (0.18022 0.073501 -0.980876)) pos #f(1664.06 9629.48 31053.6)) #s(coordinates plist nil rot #2f((-0.920938 -0.33717 -0.195423) (-0.343566 0.939128 -0.001244) (0.183946 0.065995 -0.980718)) pos #f(1668.6 9629.94 31054.2)) #s(coordinates plist nil rot #2f((-0.933001 -0.299714 -0.199198) (-0.303955 0.952637 -0.009679) (0.192664 0.051516 -0.979911)) pos #f(1675.4 9629.59 31055.1)) #s(coordinates plist nil rot #2f((-0.949046 -0.222422 -0.22325) (-0.226995 0.973881 -0.005302) (0.218598 0.045645 -0.974747)) pos #f(1683.77 9632.99 31058.9)) #s(coordinates plist nil rot #2f((-0.956029 -0.14934 -0.252401) (-0.14979 0.988562 -0.017542) (0.252134 0.021037 -0.967464)) pos #f(1691.62 9636.16 31063.0)) #s(coordinates plist nil rot #2f((-0.957089 -0.116707 -0.265255) (-0.116104 0.993074 -0.018008) (0.26552 0.013562 -0.96401)) pos #f(1695.27 9631.76 31064.4)) #s(coordinates plist nil rot #2f((-0.957171 -0.117294 -0.264699) (-0.121503 0.992591 -0.000475) (0.262794 0.031707 -0.964331)) pos #f(1694.55 9622.12 31064.7)) #s(coordinates plist nil rot #2f((-0.955779 -0.12789 -0.264823) (-0.134862 0.99083 0.008234) (0.261341 0.043585 -0.964262)) pos #f(1690.71 9616.0 31065.1)) #s(coordinates plist nil rot #2f((-0.954906 -0.141649 -0.260941) (-0.149976 0.988615 0.012173) (0.256246 0.050759 -0.965278)) pos #f(1685.89 9612.58 31064.7)) #s(coordinates plist nil rot #2f((-0.954771 -0.147867 -0.257967) (-0.156846 0.987517 0.014462) (0.252608 0.054269 -0.966046)) pos #f(1682.52 9611.31 31064.3)) #s(coordinates plist nil rot #2f((-0.954692 -0.152039 -0.255827) (-0.160265 0.987007 0.011494) (0.250755 0.051973 -0.966654)) pos #f(1681.79 9610.86 31063.8)) #s(coordinates plist nil rot #2f((-0.955476 -0.150236 -0.253957) (-0.158068 0.987371 0.010599) (0.249158 0.050269 -0.967157)) pos #f(1683.36 9610.72 31063.6)) #s(coordinates plist nil rot #2f((-0.956791 -0.142856 -0.253264) (-0.150714 0.988507 0.011798) (0.248668 0.049458 -0.967325)) pos #f(1686.56 9611.04 31063.5)) #s(coordinates plist nil rot #2f((-0.958152 -0.13324 -0.253362) (-0.141364 0.989858 0.01405) (0.24892 0.049278 -0.96727)) pos #f(1690.26 9611.61 31063.5)) #s(coordinates plist nil rot #2f((-0.959278 -0.125054 -0.253272) (-0.133298 0.990953 0.015585) (0.249032 0.048711 -0.96727)) pos #f(1693.41 9612.13 31063.5)) #s(coordinates plist nil rot #2f((-0.959776 -0.12115 -0.253283) (-0.129512 0.99144 0.016544) (0.24911 0.048681 -0.967251)) pos #f(1694.93 9612.31 31063.5)) #s(coordinates plist nil rot #2f((-0.959677 -0.121896 -0.253302) (-0.130206 0.991354 0.016237) (0.249133 0.048564 -0.967251)) pos #f(1694.62 9612.34 31063.5)) #s(coordinates plist nil rot #2f((-0.959451 -0.12472 -0.252783) (-0.133031 0.990983 0.015988) (0.24851 0.048967 -0.967391)) pos #f(1693.53 9612.28 31063.6)) #s(coordinates plist nil rot #2f((-0.959263 -0.126961 -0.25238) (-0.135272 0.990683 0.015785) (0.248024 0.049282 -0.9675)) pos #f(1692.66 9612.22 31063.6)) #s(coordinates plist nil rot #2f((-0.959064 -0.128525 -0.252342) (-0.136796 0.990479 0.015435) (0.247956 0.049323 -0.967515)) pos #f(1692.05 9612.18 31063.6))))
